
hello

gamma(5)=24

csqrt(-2)=0+i*1.41421

M_PI= 3.14159
M_E = 2.71828
I   = 0+1i
